3
11
22
48
50
6
43
73
64
33
32
67
33
42
79
34
74
97
86
87
67
35
85
61
33
54
5
2
90
65
20
24
7
58
28
100
4
76
0
84
14
11
59
96
48
97
63
98
59
72
21
23
7
78
26
34
4
32
39
24
56
22
59
18
57
72
85
0
51
94
68
20
79
32
22
54
21
40
70
77
6
2
30
22
79
97
89
46
40
40
22
35
59
88
18
36
54
49
85
38
1
69
41
89
50
13
33
20
11
75
23
46
100
72
49
11
40
38
46
99
36
18
45
65
70
72
23
83
74
14
24
21
49
41
16
98
68
89
5
84
89
88
95
29
81
76
33
26
63
83
54
94
92
78
12
21
73
33
66
10
25
4
28
71
2
44
5
2
35
4
79
17
52
40
20
53
84
93
95
44
90
17
90
53
84
43
89
82
20
8
45
18
54
15
96
17
93
93
10
62
29
64
40
30
66
0
34
1
33
46
14
64
44
50
68
29
6
69
82
74
93
28
69
9
21
56
10
31
22
58
15
37
78
41
90
28
67
17
48
49
0
32
10
67
50
83
98
78
75
80
73
69
38
57
53
87
67
4
59
34
63
26
38
37
54
25
17
71
73
30
52
76
6
56
25
90
26
65
9
16
66
26
43
42
75
22
22
15
34
54
30
16
54
87
24
84
38
62
41
98
1
70
77
18
63
42
5
76
91
81
15
19
3
17
33
84
46
4
96
50
57
12
13
36
7
77
10
35
41
66
38
47
53
4
74
61
82
81
98
24
46
96
20
39
46
20
86
64
95
44
28
5
18
88
27
2
0
100
11
9
69
24
73
9
96
36
46
34
59
65
64
15
61
65
98
44
100
72
59
22
61
75
0
40
92
26
78
23
96
20
70
81
40
68
95
84
69
61
62
85
3
72
25
10
19
51
68
18
29
65
24
77
95
55
84
63
98
65
87
44
10
28
76
61
99
52
30
67
37
22
27
49
2
66
5
40
73
81
34
67
24
78
43
87
61
43
17
95
61
65
91
49
44
3
85
30
90
64
89
64
21
29
85
10
49
50
41
70
14
44
8
67
33
75
5
63
49
83
35
50
41
3
73
75
99
17
49
6
66
74
25
65
24
9
58
24
83
30
15
93
33
39
22
99
52
5
89
71
77
4
61
0
88
27
29
56
67
92
43
20
54
82
11
25
74
14
5
23
78
24
40
13
47
40
5
32
55
18
42
72
14
77
34
8
12
26
15
48
1
12
76
37
44
56
18
51
0
74
10
13
55
66
14
72
55
87
51
42
32
91
18
34
61
17
38
7
17
18
90
22
23
29
53
94
60
68
77
94
13
78
50
31
99
13
97
93
56
53
61
59
55
56
25
28
53
21
41
55
39
50
23
84
34
69
45
19
29
13
77
52
6
41
80
33
67
15
74
21
31
20
31
20
51
4
91
72
14
79
76
91
61
51
34
79
39
39
61
44
70
48
65
51
15
70
80
62
69
15
20
19
87
3
96
50
73
54
25
39
64
67
83
32
86
84
69
50
34
8
0
1
94
83
47
84
74
17
24
80
73
44
26
96
87
42
97
35
1
82
29
42
89
3
68
58
21
32
61
91
62
23
32
72
69
57
88
24
68
17
22
79
68
3
85
15
77
92
97
5
26
30
32
17
34
97
31
46
8
14
16
8
15
55
17
39
89
23
54
28
69
97
51
71
63
24
44
82
72
63
57
10
69
49
94
83
71
90
40
24
65
1
43
2
75
34
55
0
62
34
26
63
91
73
82
11
41
33
29
22
43
40
43
74
12
53
59
25
95
61
12
35
56
96
52
28
15
29
9
33
31
14
44
34
55
86
20
59
49
33
4
46
43
73
89
36
3
29
5
54
71
95
44
56
81
37
67
79
24
86
39
43
90
57
50
26
27
95
41
21
10
80
98
17
53
61
77
54
35
80
54
75
34
99
100
77
13
56
72
28
3
43
97
54
74
71
43
38
98
23
25
63
65
57
35
7
63
82
59
4
34
50
83
5
31
15
50
24
49
23
7
63
36
89
87
21
14
64
39
63
40
46
62
39
33
38
74
43
79
19
78
81
34
81
29
86
93
48
76
98
30
50
74
64
18
31
78
91
32
73
97
2
28
71
82
21
36
48
56
89
87
79
1
92
12
2
90
84
4
24
7
84
47
36
60
21
15
29
6
52
7
91
49
88
17
43
59
27
32
86
43
78
45
72
33
80
40
14
75
14
92
5
57
16
49
65
97
66
17
91
88
11
58
80
74
96
45
56
40
66
39
47
53
22
21
31
13
91
22
44
42
39
34
3
1
48
10
61
45
97
86
45
30
11
89
61
17
6
92
81
49
15
9
75
60
18
11
97
63
29
81
62
6
23
84
64
69
75
5
51
83
91
50
70
24
7
68
26
76
35
78
96
60
91
43
21
88
17
23
29
40
92
14
23
8
31
74
70
11
40
15
31
2
98
53
23
38
46
41
24
57
79
36
43
15
66
30
24
42
75
60
38
25
87
28
71
25
81
48